0,29,0.0604597701149
1,30,0.099
2,26,-0.0271794871795
3,22,-0.159242424242
4,22,-0.00439393939394
5,22,0.035
6,20,0.0278333333333
7,20,0.0498333333333
8,15,0.268222222222
9,17,-0.150392156863
10,7,0.027619047619
11,21,0.00555555555556
12,16,-0.107291666667
13,19,-0.00894736842105
14,15,-0.0924444444444
15,14,0.0352380952381
16,8,0.04375
17,7,0.0285714285714
18,9,-0.0659259259259
19,12,0.0955555555556
20,16,0.116041666667
21,16,0.161666666667
22,22,0.0216666666667
23,24,0.123611111111
24,6,-0.281666666667
25,14,-0.017619047619
26,15,-0.00555555555556
27,18,-0.062962962963
28,7,0.01
29,7,0.0280952380952
30,11,-0.0406060606061
31,18,-0.0748148148148
32,8,-0.209166666667
33,3,-0.224444444444
34,7,-0.130476190476
35,12,0.1275
36,7,-0.0414285714286
37,12,-0.0552777777778
38,11,-0.0448484848485
39,10,0.166
40,19,-0.0217543859649
41,21,0.0779365079365
42,24,0.120972222222
43,25,0.00413333333333
44,19,-0.0549122807018
45,14,-0.0404761904762
46,10,-0.0653333333333
47,14,0.0219047619048
48,9,-0.162222222222
49,9,-0.179259259259
50,11,-0.0533333333333
51,14,-0.0252380952381
52,11,0.0187878787879
53,9,-0.114444444444
54,16,-0.00916666666667
55,14,-0.0445238095238
56,19,-0.00368421052632
57,9,-0.0507407407407
58,9,0.0151851851852
59,8,-0.131666666667
60,19,0.0454385964912
61,13,0.00205128205128
62,18,-0.0803703703704
63,12,-0.255555555556
64,13,-0.115641025641
65,20,0.00133333333333
66,21,0.0360317460317
67,12,0.0558333333333
68,9,-0.0585185185185
69,6,-0.117222222222
70,5,-0.241333333333
71,9,0.0659259259259
72,15,0.0391111111111
73,15,-0.00333333333333
74,10,0.0113333333333
75,12,-0.085
76,7,0.172380952381
77,13,0.118974358974
78,21,-0.0204761904762
79,19,-0.0624561403509
80,19,-0.116140350877
81,17,-0.0533333333333
82,21,0.142698412698
83,11,-0.0381818181818
84,8,0.127083333333
85,11,-0.00787878787879
86,11,0.0433333333333
87,3,-0.0888888888889
88,13,0.0679487179487
89,8,0.07
90,19,0.0187719298246
91,10,0.130666666667
92,8,0.0141666666667
93,10,0.0706666666667
94,10,0.0163333333333
95,13,-0.0364102564103
96,3,0.0711111111111
97,10,0.0286666666667
98,7,-0.0280952380952
99,7,0.0580952380952
100,17,-0.0456862745098
101,11,-0.0533333333333
102,9,-0.0122222222222
103,20,0.0543333333333
104,9,-0.12
105,9,0.178518518519
106,9,0.0525925925926
107,7,-0.194761904762
108,12,0.0941666666667
109,9,-0.108518518519
110,9,-0.01
111,11,-0.177878787879
112,12,-0.0491666666667
113,13,-0.0266666666667
114,17,-0.0333333333333
115,9,-0.0492592592593
116,8,-0.175416666667
117,11,0.0869696969697
118,7,-0.113333333333
119,14,0.0454761904762
120,19,0.0861403508772
121,23,0.0307246376812
122,11,0.0224242424242
123,7,0.09
124,8,-0.0204166666667
125,10,-0.106333333333
126,10,0.0533333333333
127,7,-0.0180952380952
128,8,-0.0904166666667
129,13,0.108974358974
130,10,-0.0943333333333
131,11,0.0145454545455
132,8,-0.0420833333333
133,9,-0.0474074074074
134,14,0.0490476190476
135,9,-0.0596296296296
136,7,-0.12619047619
137,19,-0.112456140351
138,9,0.0955555555556
139,16,0.132916666667
140,16,-0.05
141,12,0.205833333333
142,4,0.198333333333
143,4,0.211666666667
144,7,0.00952380952381
145,17,0.153137254902
146,8,0.15125
147,4,-0.214166666667
148,5,0.0393333333333
149,4,-0.226666666667
150,11,-0.0630303030303
151,11,-0.0381818181818
152,8,0.0779166666667
153,7,-0.0742857142857
154,12,-0.0138888888889
155,5,0.024
156,11,0.0978787878788
157,12,-0.188888888889
158,9,-0.122962962963
159,11,0.0766666666667
160,22,0.0916666666667
161,16,0.0458333333333
162,6,0.138333333333
163,22,-0.115454545455
164,7,0.0771428571429
165,25,0.0573333333333
166,10,0.124666666667
167,4,-0.224166666667
168,8,0.0445833333333
169,4,0.126666666667
170,6,0.0961111111111
171,6,0.0733333333333
172,5,-0.277333333333
173,8,-0.0975
174,12,-0.112222222222
175,5,NOTUR
176,15,0.0142222222222
177,9,0.0137037037037
178,15,0.046
179,14,-0.022619047619
180,20,0.0741666666667
181,17,0.0229411764706
182,12,-0.189722222222
183,10,0.019
184,14,0.0447619047619
185,14,0.119047619048
186,17,0.117843137255
187,12,0.116944444444
188,5,0.026
189,13,0.00615384615385
190,6,-0.149444444444
191,6,0.0866666666667
192,4,-0.114166666667
193,9,0.062962962963
194,9,-0.00148148148148
195,8,-0.157916666667
196,12,0.171111111111
197,5,-0.0173333333333
198,17,-0.0882352941176
199,14,-0.0995238095238
200,12,0.178055555556
201,13,0.0825641025641
202,15,0.00977777777778
203,9,0.218888888889
204,12,0.0658333333333
205,12,0.0647222222222
206,8,-0.127916666667
207,15,-0.0528888888889
208,10,0.0393333333333
209,7,-0.0538095238095
210,5,0.21
211,14,0.123333333333
212,10,-0.0893333333333
213,11,-0.0560606060606
214,7,-0.0609523809524
215,6,NOTUR
216,12,0.184166666667
217,11,0.0354545454545
218,12,0.0475
219,13,-0.0294871794872
220,14,-0.186666666667
221,11,0.0815151515152
222,11,0.0212121212121
223,5,0.0926666666667
224,7,-0.13380952381
225,11,-0.105454545455
226,14,0.139761904762
227,12,0.0511111111111
228,5,-0.124666666667
229,15,-0.0604444444444
230,9,0.153703703704
231,5,0.066
232,11,0.0578787878788
233,11,0.0539393939394
234,8,-0.0441666666667
235,12,0.205833333333
236,5,0.112666666667
237,7,-0.0185714285714
238,15,0.107777777778
239,14,0.146904761905
240,20,-0.0123333333333
241,14,-0.141666666667
242,6,-0.00722222222222
243,6,0.290555555556
244,17,-0.0192156862745
245,10,-0.0533333333333
246,13,0.0425641025641
247,8,0.0929166666667
248,10,0.0286666666667
249,7,0.0409523809524
250,7,-0.0504761904762
251,10,-0.132
252,13,0.0423076923077
253,6,0.106666666667
254,9,0.136296296296
255,14,0.190714285714
256,5,0.0886666666667
257,8,0.105
258,10,-0.142333333333
259,12,-0.240555555556
260,18,0.123333333333
261,6,0.00555555555556
262,18,0.153888888889
263,3,-0.0888888888889
264,10,0.160666666667
265,6,-0.228888888889
266,7,0.141904761905
267,20,0.0165
268,10,-0.0743333333333
269,17,0.0609803921569
270,7,-0.317142857143
271,17,0.0723529411765
272,12,0.223055555556
273,8,0.0854166666667
274,9,-0.0174074074074
275,8,0.133333333333
276,11,0.0442424242424
277,8,-0.04375
278,6,0.0672222222222
279,23,-0.0731884057971
280,10,-0.113333333333
281,13,0.174102564103
282,11,0.0966666666667
283,11,-0.128484848485
284,8,0.0308333333333
285,4,-0.02
286,8,0.0720833333333
287,11,-0.0572727272727
288,8,0.0870833333333
289,11,0.0345454545455
290,18,-0.0122222222222
291,15,-0.028
292,13,-0.0902564102564
293,10,-0.02
294,21,0.0147619047619
295,9,0.104444444444
296,17,0.0843137254902
297,16,-0.0404166666667
298,17,-0.10862745098
299,11,-0.0306060606061
300,12,-0.0808333333333
301,14,0.012380952381
302,14,0.0516666666667
303,12,-0.0672222222222
304,6,0.138333333333
305,5,-0.0806666666667
306,4,0.365
307,16,-0.04875
308,14,-0.0852380952381
309,20,-0.0428333333333
310,16,-0.0452083333333
311,14,-0.0330952380952
312,10,-0.09
313,20,0.014
314,14,-0.00309523809524
315,21,0.137777777778
316,13,-0.0602564102564
317,17,0.104705882353
318,24,-0.0490277777778
319,18,-0.00222222222222
320,17,0.0903921568627
321,6,-0.0283333333333
322,4,-0.255
323,8,0.10875
324,9,0.0981481481481
325,9,-0.0451851851852
326,11,0.101818181818
327,19,-0.0673684210526
328,14,-0.102142857143
329,8,0.0216666666667
330,12,0.0497222222222
331,14,0.157142857143
332,11,0.00121212121212
333,12,-0.0491666666667
334,15,-0.012
335,14,-0.0642857142857
336,23,0.121739130435
337,20,0.145666666667
338,20,-0.109166666667
339,26,0.044358974359
340,11,0.0806060606061
341,11,-0.0542424242424
342,6,0.0155555555556
343,10,0.0576666666667
344,7,-0.212857142857
345,8,-0.163333333333
346,9,0.0896296296296
347,9,-0.00962962962963
348,8,0.09625
349,10,-0.0296666666667
350,18,0.00351851851852
351,6,-0.203888888889
352,10,-0.0386666666667
353,11,-0.09
354,18,-0.08
355,17,-0.0198039215686
356,24,-0.0394444444444
357,19,-0.163333333333
358,19,0.0377192982456
359,33,-0.0515151515152
360,9,-0.0755555555556
361,10,-0.049
362,6,-0.0811111111111
363,9,-0.03
364,13,0.165641025641
365,8,-0.0104166666667
366,5,-0.0933333333333
367,13,0.0520512820513
368,13,-0.085641025641
369,9,-0.0492592592593
370,14,-0.042380952381
371,14,0.0588095238095
372,20,0.0358333333333
373,15,0.0624444444444
374,13,0.122564102564
375,17,-0.124509803922
376,14,-0.11119047619
377,24,0.00430555555556
378,25,-0.1196
379,16,0.112291666667
380,12,0.0286111111111
381,18,-0.0933333333333
382,13,0.0630769230769
383,5,0.186666666667
384,7,0.0257142857143
385,13,0.0112820512821
386,7,-0.149523809524
387,6,0.0861111111111
388,12,-0.106388888889
389,13,-0.0394871794872
390,19,0.0866666666667
391,11,0.0678787878788
392,19,-0.0187719298246
393,15,0.148666666667
394,19,-0.0143859649123
395,24,-0.0673611111111
396,32,0.0279166666667
397,15,-0.0568888888889
398,24,-0.0559722222222
399,55,0.0289090909091
