0,44,0.115909090909
1,29,0.11367816092
2,19,-0.0454385964912
3,26,0.0305128205128
4,16,0.05125
5,31,-0.137741935484
6,11,-0.0551515151515
7,23,0.011884057971
8,11,-0.111515151515
9,16,-0.232708333333
10,17,0.0956862745098
11,7,0.02
12,18,-0.0285185185185
13,16,-0.0564583333333
14,19,-0.0212280701754
15,18,-0.119444444444
16,9,-0.05
17,17,0.0582352941176
18,10,-0.094
19,13,-0.0941025641026
20,25,-0.0122666666667
21,17,0.177647058824
22,15,-0.127555555556
23,16,-0.0839583333333
24,7,0.0547619047619
25,15,0.0973333333333
26,15,-0.0973333333333
27,18,0.0872222222222
28,8,0.0845833333333
29,12,-0.0808333333333
30,16,-0.0660416666667
31,15,0.0866666666667
32,19,0.0156140350877
33,13,0.0697435897436
34,12,-0.0241666666667
35,13,-0.0869230769231
36,6,0.14
37,9,-0.122222222222
38,11,0.137272727273
39,9,-0.0355555555556
40,20,-0.0415
41,12,0.0433333333333
42,15,0.0124444444444
43,12,-0.07
44,20,0.0793333333333
45,29,-0.0620689655172
46,18,0.146666666667
47,17,-0.0721568627451
48,17,0.0798039215686
49,8,-0.0229166666667
50,5,-0.118666666667
51,10,-0.123
52,11,-0.150606060606
53,12,0.0708333333333
54,11,-0.103939393939
55,6,0.101111111111
56,11,-0.209393939394
57,6,0.24
58,10,0.0833333333333
59,13,0.0228205128205
60,23,0.13652173913
61,15,0.00533333333333
62,10,-0.178333333333
63,14,-0.005
64,18,0.143333333333
65,18,-0.112962962963
66,18,0.0561111111111
67,14,-0.0711904761905
68,9,0.143333333333
69,7,0.0904761904762
70,10,0.021
71,10,-0.075
72,4,-0.115833333333
73,9,0.0207407407407
74,15,0.0124444444444
75,10,0.0746666666667
76,4,-0.161666666667
77,3,0.378888888889
78,4,-0.103333333333
79,13,0.130256410256
80,21,-0.0742857142857
81,30,0.043
82,13,0.0694871794872
83,18,-0.0105555555556
84,12,0.109166666667
85,13,0.129743589744
86,11,-0.0278787878788
87,17,0.170980392157
88,17,0.102941176471
89,16,0.135416666667
90,11,0.0584848484848
91,13,-0.0351282051282
92,11,0.00454545454545
93,13,0.0735897435897
94,7,-0.06
95,5,-0.110666666667
96,8,-0.0308333333333
97,13,-0.094358974359
98,9,-0.17962962963
99,12,0.0941666666667
100,24,0.0244444444444
101,21,-0.0771428571429
102,12,0.101666666667
103,12,-0.0583333333333
104,11,-0.244242424242
105,6,0.116111111111
106,11,-0.0772727272727
107,11,-0.0569696969697
108,11,-0.00727272727273
109,8,0.0808333333333
110,9,0.142222222222
111,7,0.139047619048
112,5,0.138666666667
113,6,0.181111111111
114,8,-0.0470833333333
115,10,0.100333333333
116,9,-0.0303703703704
117,16,-0.0333333333333
118,8,0.1225
119,12,0.0722222222222
120,20,0.051
121,11,-0.0278787878788
122,18,0.0181481481481
123,11,0.108787878788
124,13,-0.0166666666667
125,12,-0.218333333333
126,19,-0.0198245614035
127,14,-0.0821428571429
128,19,-0.110175438596
129,12,0.0330555555556
130,11,0.0327272727273
131,4,-0.114166666667
132,13,-0.00128205128205
133,4,0.075
134,11,0.0318181818182
135,5,0.157333333333
136,13,-0.0305128205128
137,9,0.0455555555556
138,6,0.0766666666667
139,15,0.147555555556
140,11,-0.115757575758
141,15,0.0571111111111
142,13,0.0251282051282
143,11,-0.0069696969697
144,10,-0.095
145,7,-0.197619047619
146,6,-0.0333333333333
147,12,0.130555555556
148,15,-0.00644444444444
149,13,-0.00948717948718
150,14,-0.0230952380952
151,8,0.1675
152,9,-0.0107407407407
153,6,0.0577777777778
154,3,-0.123333333333
155,14,-0.145
156,7,0.112380952381
157,5,0.25
158,10,-0.043
159,12,0.104722222222
160,15,0.0755555555556
161,14,-0.0854761904762
162,17,0.0486274509804
163,20,0.0801666666667
164,14,-0.0209523809524
165,7,0.148571428571
166,9,-0.0292592592593
167,4,0.0908333333333
168,12,0.205833333333
169,9,-0.0444444444444
170,14,-0.0997619047619
171,8,0.124583333333
172,11,0.0490909090909
173,10,-0.0233333333333
174,7,0.0714285714286
175,4,-0.2425
176,8,0.175
177,8,-0.12
178,10,-0.012
179,12,-0.0991666666667
180,16,0.1075
181,10,0.0256666666667
182,12,0.0891666666667
183,12,0.00861111111111
184,7,0.0190476190476
185,7,-0.0428571428571
186,4,-0.0516666666667
187,9,-0.0185185185185
188,6,-0.0161111111111
189,11,0.0169696969697
190,22,0.0227272727273
191,13,0.0517948717949
192,11,0.0233333333333
193,10,0.0433333333333
194,6,-0.167777777778
195,12,-0.0188888888889
196,7,0.180952380952
197,17,0.106078431373
198,8,-0.01625
199,19,0.0501754385965
200,16,0.0652083333333
201,19,-0.108771929825
202,14,-0.052619047619
203,13,0.0448717948718
204,14,-0.161904761905
205,9,-0.0240740740741
206,8,-0.05375
207,5,0.00133333333333
208,5,0.0633333333333
209,6,-0.138333333333
210,7,-0.0952380952381
211,8,0.025
212,19,-0.0550877192982
213,13,0.0612820512821
214,15,-0.159333333333
215,11,0.0121212121212
216,7,-0.29380952381
217,8,0.03875
218,18,0.00703703703704
219,17,-0.0135294117647
220,9,0.16962962963
221,16,0.00645833333333
222,8,0.02875
223,18,0.109074074074
224,4,-0.00416666666667
225,9,-0.0759259259259
226,7,-0.00571428571429
227,6,0.146666666667
228,14,0.00142857142857
229,12,-0.00166666666667
230,12,-0.186666666667
231,12,-0.0313888888889
232,15,0.0573333333333
233,13,-0.08
234,13,0.0764102564103
235,9,0.203703703704
236,16,-0.177291666667
237,7,0.118095238095
238,13,-0.0794871794872
239,19,-0.0294736842105
240,14,-0.113095238095
241,11,0.274242424242
242,13,0.0148717948718
243,12,0.0552777777778
244,10,0.004
245,7,-0.109523809524
246,6,-0.0794444444444
247,9,0.206296296296
248,7,0.0309523809524
249,17,0.140196078431
250,8,0.27875
251,12,-0.0711111111111
252,17,0.038431372549
253,17,0.033137254902
254,14,-0.0240476190476
255,14,-0.0592857142857
256,7,-0.0957142857143
257,12,0.00472222222222
258,12,-0.0469444444444
259,20,0.00566666666667
260,11,0.121212121212
261,12,-0.0838888888889
262,12,0.0536111111111
263,12,0.13
264,6,-0.0361111111111
265,2,-0.0633333333333
266,5,0.0413333333333
267,8,-0.15
268,11,0.00787878787879
269,8,0.0566666666667
270,16,0.030625
271,11,0.0333333333333
272,15,-0.0226666666667
273,12,0.0519444444444
274,12,-0.113888888889
275,8,0.0516666666667
276,10,-0.0176666666667
277,16,-0.00895833333333
278,7,-0.000952380952381
279,21,0.0226984126984
280,7,-0.210476190476
281,17,0.00588235294118
282,9,0.0937037037037
283,13,-0.0435897435897
284,12,0.0166666666667
285,8,-0.215833333333
286,10,0.035
287,5,0.0773333333333
288,11,-0.00969696969697
289,13,0.0541025641026
290,13,-0.0117948717949
291,7,-0.110952380952
292,13,-0.0617948717949
293,16,-0.0222916666667
294,14,0.0633333333333
295,10,-0.0193333333333
296,12,0.07
297,7,0.120476190476
298,11,-0.101515151515
299,10,-0.212666666667
300,16,0.075625
301,9,0.115185185185
302,8,0.157916666667
303,10,0.0416666666667
304,12,-0.09
305,7,-0.0852380952381
306,6,0.0761111111111
307,5,0.188
308,6,0.199444444444
309,8,-0.108333333333
310,11,0.124848484848
311,11,0.0751515151515
312,15,-0.0995555555556
313,12,-0.0116666666667
314,17,0.0460784313725
315,10,0.0406666666667
316,14,-0.00357142857143
317,12,-0.0869444444444
318,14,-0.180238095238
319,25,0.0614666666667
320,19,0.0121052631579
321,8,0.24625
322,9,0.168148148148
323,6,-0.0594444444444
324,12,0.118611111111
325,8,0.05625
326,9,-0.0455555555556
327,12,0.183611111111
328,13,0.158717948718
329,9,-0.092962962963
330,11,-0.0572727272727
331,8,-0.0404166666667
332,9,0.151481481481
333,11,0.0345454545455
334,22,0.000151515151515
335,13,0.185128205128
336,18,0.168888888889
337,12,0.27
338,13,-0.0412820512821
339,18,-0.0905555555556
340,14,0.170714285714
341,8,-0.154583333333
342,4,-0.0933333333333
343,6,0.0161111111111
344,11,0.0378787878788
345,8,0.136666666667
346,15,-0.104444444444
347,3,-0.0833333333333
348,10,-0.210666666667
349,9,-0.0640740740741
350,7,-0.0180952380952
351,10,0.0483333333333
352,12,-0.0261111111111
353,16,0.039375
354,8,0.0583333333333
355,19,-0.0252631578947
356,13,0.00230769230769
357,26,-0.0120512820513
358,19,-0.153859649123
359,12,0.0619444444444
360,15,0.0208888888889
361,19,-0.0689473684211
362,6,0.0222222222222
363,16,-0.00395833333333
364,4,0.0491666666667
365,14,0.0369047619048
366,18,0.0833333333333
367,15,0.0408888888889
368,10,0.0473333333333
369,12,-0.0180555555556
370,11,-0.118484848485
371,9,0.00333333333333
372,11,0.0481818181818
373,10,-0.028
374,12,0.111944444444
375,19,0.157192982456
376,10,0.034
377,19,-0.0861403508772
378,20,0.0323333333333
379,24,-0.114027777778
380,6,-0.0533333333333
381,16,-0.0158333333333
382,9,-0.127407407407
383,10,-0.128666666667
384,8,-0.253333333333
385,19,-0.0640350877193
386,16,-0.0539583333333
387,18,-0.00592592592593
388,15,-0.218666666667
389,7,-0.230952380952
390,16,-0.00854166666667
391,15,0.00488888888889
392,13,0.111025641026
393,18,-0.0155555555556
394,24,-0.117361111111
395,21,0.0495238095238
396,21,0.0874603174603
397,14,-0.07
398,24,-0.0575
399,60,0.0268888888889
